fitness 0.82
NX 9
N1 10
N1 11
NY 9
0.922888190791
0.420791549615
0.26919997991
0.759726037977
0.952087826615
0.656126010498
0.691111479155
0.8146681375
0.523167754606
0.758904491764
0.666689544939
0.96093770955
0.531706010494
0.40316346326
0.0211464421196
0.490317224362
0.553734052309
0.773086054004
0.791960549595
0.609741114685
0.711408541959
0.191145955848
0.507764614679
0.193328549404
0.0708601893569
0.3914654513
0.903572994472
0.277043678549
0.500888470941
0.938551641659
0.139681351363
0.668632501178
0.458381524263
0.743938047667
0.858443336968
0.739391253291
0.984291413869
0.992629421275
0.168795189728
0.355919897331
0.00151065303573
0.529806237649
0.741773093523
0.298916946436
0.554902882899
0.0228008477757
0.610592737663
0.641885256425
0.299758135718
0.615209068915
0.787693229147
0.881520002353
0.892937436301
0.481911558267
0.973082145226
0.516338401102
0.0810080012526
0.743346051866
0.58011874273
0.306001573066
0.585748018454
0.063247822708
0.354219521278
0.489346575004
0.323971686306
0.639635959509
0.115645856832
0.968401311331
0.485619221529
0.154099273903
0.279847290309
0.0833999220213
0.403282491797
0.101456894968
0.301703608974
0.727853715745
0.762941197328
0.691247111266
0.691733687624
0.495455971794
0.0882893648845
0.455863511674
0.57153934798
0.407451460332
0.747064849124
0.498286733415
0.478109949451
0.882207434227
0.148170197025
0.742435587375
0.237964007071
0.688011913036
0.990957914235
0.593797288047
0.771064828408
0.294711870869
0.4878570386
0.706691152737
0.175727793381
0.178265106795
0.685234647044
0.266589074346
0.490805867161
0.0120964525605
0.332310860409
0.201068783177
0.443620793999
0.353338032716
0.549648946711
0.268356389606
0.0399028819526
0.164200470071
0.381151957866
0.140070049728
0.3746516421
0.396336688196
0.5372303187
0.193579873393
0.478320720164
0.525732525875
0.905759545064
0.389765676405
0.151404705075
0.568636663586
0.589897797803
0.859065233512
0.451192512417
0.810406981376
0.759612187405
0.0982599959442
0.400339710583
0.538656697981
0.493594379209
0.348758597036
0.385990910721
0.623250864401
0.624595458938
0.209612960773
0.625248574009
0.254063266028
0.595991581206
0.187239892769
0.776564822988
0.127753374433
0.0962048300861
0.639541525251
0.804604034936
0.165457545028
0.714312605633
0.0442307790872
0.155828922184
0.469415710338
0.457640234348
0.531864767492
0.378302943921
0.464895070328
0.0033079848978
0.321203167773
0.876002887693
0.251471444072
0.710917620591
0.804446072809
0.700516508298
0.464797275784
0.744097500748
0.182104950186
0.470170975261
0.861000800345
0.0629097106199
0.921976135416
0.0247194707096
0.265121280486
0.773557244088
0.873852551423
0.425113435645
0.256037949319
0.0595073785244
0.60546619206
0.841028313274
0.506821277557
0.203561916543
0.924466905329
0.592408723529
0.0354623753939
0.483936724981
0.646410334716
0.702890884017
0.285904566343
0.902979676003
0.194341642492
0.934546265812
0.306459488968
0.383478759241
0.403455673934
0.586590755315
0.0740174655505
0.742773863647
0.69428994389
0.00380898509655
0.387309081279
0.312257124919
0.620181213156
0.877031058244
0.765929660743
0.0545318754037
0.974838050524
0.579139244228
0.329098452655
0.25961289459
0.44618821085
0.674345907648
0.776628470852
0.256305339405
0.43865822846
0.843246830421
0.840073306133
0.571223443701
0.938821703886
0.938116555649
0.61434040723
0.825127901067
0.270653198749
0.486471482168
0.897687649544
0.548523966217
0.331459334852
0.856303887464
0.346892725188
0.200511518198
0.290572819345
0.755340636825
0.123645880088
0.761565911097
0.265522993459
0.269528004208
0.606600967009
0.385689495143
0.628314609448
0.357824215202
0.936325778915
0.193195216892
0.608700952583
0.100598694831
0.456453335074
0.499838889852
0.85699801172
0.327310547402
0.587538074733
0.843309619255
0.75615432176
0.569074772011
0.0720458258415
0.378250292497
0.938448361533
0.573347919106
0.0906324853253
0.202666936072
0.453954576742
0.618707275831
0.75972106149
0.221899873546
0.359234087236
0.418843113849
0.985974765089
0.358323599856
0.414339178948
0.894743053726
0.725427320802
0.273797806998
0.968059298716
0.207514040702
0.0569007739922
0.420288515447
0.117141721773
0.793102598265
0.329617862088
0.402342984604
0.284300830297
0.534626654475
0.869604585864
0.592007742563
0.143975112364
0.514131620308
0.72225275568
0.422029194576
0.633019212358
0.749050781998
0.868758937031
0.405987515095
0.49971023567
0.31212629149
0.511285902221
0.843731731948
0.656123725808
0.273342170872
0.225142601371
0.279880277133
0.662647265552
0.662900976935
